每幅图像的标定误差：
第1幅图像的平均误差：0.278166像素
第2幅图像的平均误差：0.328722像素
第3幅图像的平均误差：0.207514像素
第4幅图像的平均误差：0.541441像素
第5幅图像的平均误差：0.314081像素
第6幅图像的平均误差：0.432415像素
第7幅图像的平均误差：0.238378像素
第8幅图像的平均误差：0.287119像素
第9幅图像的平均误差：0.527841像素
第10幅图像的平均误差：0.34334像素
第11幅图像的平均误差：0.537367像素
第12幅图像的平均误差：0.18476像素
第13幅图像的平均误差：0.611694像素
总体平均误差：0.371757像素

相机内参数矩阵：
[2017.219548494475, 0, 975.0007035756317;
 0, 2019.405097000758, 476.5720872177689;
 0, 0, 1]

畸变系数：
[-0.4170145529543511, 0.3664304123145239, 0.006210786582673459, 0.001293340350123222, -7.477674777128769]


第1幅图像的旋转向量：
[7.796278593906753;
 -0.64171775011003;
 182.0356004931565]
第1幅图像的旋转矩阵：
[-0.9540813145992177, -0.01286597324782114, -0.2992713014390369;
 0.03703073143858051, 0.9863476896604719, -0.1604585928848087;
 0.2972500127195158, -0.1641727804291424, -0.9405794640031284]
第1幅图像的平移向量：
[7.796278593906753;
 -0.64171775011003;
 182.0356004931565]

第2幅图像的旋转向量：
[-52.79708761793489;
 18.18576307163573;
 172.852596765253]
第2幅图像的旋转矩阵：
[0.9414012263104133, 0.1705198352344852, -0.2910098226741754;
 0.1850338482699842, -0.9824655313703027, 0.02289005599969441;
 -0.2820039114899852, -0.07539539416219468, -0.9564461973595147]
第2幅图像的平移向量：
[-52.79708761793489;
 18.18576307163573;
 172.852596765253]

第3幅图像的旋转向量：
[-3.959600747308317;
 -15.13456293092994;
 176.5225590179734]
第3幅图像的旋转矩阵：
[-0.8000826040446783, 0.4306048295770521, -0.4176688969147743;
 0.5368642326810644, 0.8246237624947143, -0.1782482706699645;
 0.2676651310366338, -0.3668448324209827, -0.890943458673536]
第3幅图像的平移向量：
[-3.959600747308317;
 -15.13456293092994;
 176.5225590179734]

第4幅图像的旋转向量：
[-20.34493830257886;
 -23.32055138853974;
 178.7114914715389]
第4幅图像的旋转矩阵：
[-0.517491589864046, 0.8548910819194789, 0.03692820703100317;
 0.8555951452882234, 0.5175899403011792, 0.007589536102120268;
 -0.01262544174299798, 0.03552311576374155, -0.9992891005445971]
第4幅图像的平移向量：
[-20.34493830257886;
 -23.32055138853974;
 178.7114914715389]

第5幅图像的旋转向量：
[-43.68059290521843;
 -21.09317941098653;
 175.8859898980433]
第5幅图像的旋转矩阵：
[-0.1750707458988912, 0.9832505176616346, -0.05068188481630222;
 0.9796846790669487, 0.1790879065212879, 0.09025215420870421;
 0.09781698999609074, -0.03385175410446754, -0.9946285212139029]
第5幅图像的平移向量：
[-43.68059290521843;
 -21.09317941098653;
 175.8859898980433]

第6幅图像的旋转向量：
[-36.41013122001164;
 -7.058416558300862;
 229.0033522713497]
第6幅图像的旋转矩阵：
[-0.3916359457978548, 0.9116657133702718, 0.1244464263211024;
 0.7517998284348236, 0.3950300377630213, -0.5279661800061783;
 -0.5304887406198079, -0.1132117322984684, -0.8400980893595641]
第6幅图像的平移向量：
[-36.41013122001164;
 -7.058416558300862;
 229.0033522713497]

第7幅图像的旋转向量：
[-42.29302806373236;
 6.756468481765184;
 179.8635714600408]
第7幅图像的旋转矩阵：
[0.7664314222892888, 0.6378567583872521, -0.07564146156259408;
 0.6394168163521128, -0.7688467578605352, -0.004560470751157765;
 -0.06106561957228612, -0.04487113445245606, -0.9971246518862136]
第7幅图像的平移向量：
[-42.29302806373236;
 6.756468481765184;
 179.8635714600408]

第8幅图像的旋转向量：
[-47.03386686969169;
 8.823665273638751;
 173.1063936337025]
第8幅图像的旋转矩阵：
[0.8751217837067579, 0.4554719300459406, -0.1634233294916254;
 0.4722909584690312, -0.8774793243090425, 0.08349422709714618;
 -0.1053713159750143, -0.1502509778682718, -0.9830165458522668]
第8幅图像的平移向量：
[-47.03386686969169;
 8.823665273638751;
 173.1063936337025]

第9幅图像的旋转向量：
[-47.70952863413679;
 11.13227041621576;
 175.2547928262107]
第9幅图像的旋转矩阵：
[0.933094121126717, 0.32478411271325, -0.1544365282173445;
 0.3273787120555238, -0.9448499047500826, -0.009046346589990008;
 -0.1488574486266178, -0.04211813888132639, -0.9879612959856003]
第9幅图像的平移向量：
[-47.70952863413679;
 11.13227041621576;
 175.2547928262107]

第10幅图像的旋转向量：
[-47.00246747228834;
 15.6595738727187;
 172.8504050338147]
第10幅图像的旋转矩阵：
[0.9803905419087136, 0.1621073963124113, -0.1120516728868873;
 0.1598025135052797, -0.9867136528293808, -0.02931422858433836;
 -0.1153149687305774, 0.01083325347763939, -0.9932699021946427]
第10幅图像的平移向量：
[-47.00246747228834;
 15.6595738727187;
 172.8504050338147]

第11幅图像的旋转向量：
[9.29056287265054;
 -8.70483672419695;
 168.2258765616104]
第11幅图像的旋转矩阵：
[-0.9995883703134552, 0.002374263423074222, -0.02859113161958771;
 0.003705912042452671, 0.9989061459728567, -0.04661306419434744;
 0.028449185401771, -0.04669983309232061, -0.9985037653605143]
第11幅图像的平移向量：
[9.29056287265054;
 -8.70483672419695;
 168.2258765616104]

第12幅图像的旋转向量：
[-32.65796674525573;
 -5.187084008190356;
 225.1842569744885]
第12幅图像的旋转矩阵：
[-0.5743244366083113, 0.8063006777512504, 0.1415297091511889;
 0.6621013970609334, 0.5591887023391032, -0.4989285872610129;
 -0.4814282724607125, -0.1928398616318322, -0.8550085416189185]
第12幅图像的平移向量：
[-32.65796674525573;
 -5.187084008190356;
 225.1842569744885]

第13幅图像的旋转向量：
[-29.4233638557518;
 22.46654644903548;
 175.2037041418361]
第13幅图像的旋转矩阵：
[0.9704778840203551, 0.06082724982822012, 0.2333939208842204;
 0.08505971358232277, -0.9918174492267555, -0.09519975070673904;
 0.2256934242565956, 0.1122416726874085, -0.9677108479084364]
第13幅图像的平移向量：
[-29.4233638557518;
 22.46654644903548;
 175.2037041418361]


