每幅图像的标定误差：
第1幅图像的平均误差：0.170126像素
第2幅图像的平均误差：0.327309像素
第3幅图像的平均误差：0.526162像素
第4幅图像的平均误差：0.652595像素
第5幅图像的平均误差：0.89052像素
第6幅图像的平均误差：0.393673像素
第7幅图像的平均误差：0.515375像素
第8幅图像的平均误差：0.412922像素
第9幅图像的平均误差：0.633701像素
第10幅图像的平均误差：0.191321像素
第11幅图像的平均误差：0.306258像素
第12幅图像的平均误差：0.158779像素
第13幅图像的平均误差：0.239314像素
第14幅图像的平均误差：0.179685像素
第15幅图像的平均误差：0.457676像素
第16幅图像的平均误差：0.250372像素
第17幅图像的平均误差：0.375779像素
第18幅图像的平均误差：0.563448像素
第19幅图像的平均误差：0.304292像素
第20幅图像的平均误差：0.195569像素
第21幅图像的平均误差：0.207265像素
总体平均误差：0.378673像素

相机内参数矩阵：
[2032.096683992846, 0, 947.6860690580496;
 0, 2027.320314729956, 447.3987397462081;
 0, 0, 1]

畸变系数：
[-0.4313116238106643, 0.9631612895215824, 0.001173281639302174, -0.0008419941189875747, -6.188348426220251]


第1幅图像的旋转向量：
[19.82696188107417;
 -15.5482128536738;
 131.0663592555481]
第1幅图像的旋转矩阵：
[-0.9463235825019003, 0.3174505800651377, 0.06080136854608376;
 0.3182639546840036, 0.9479939582979727, 0.00393829651498389;
 -0.05638911552478566, 0.02307778687069051, -0.9981421158349564]
第1幅图像的平移向量：
[19.82696188107417;
 -15.5482128536738;
 131.0663592555481]

第2幅图像的旋转向量：
[22.82149024410591;
 -17.4674273469012;
 135.4275443933873]
第2幅图像的旋转矩阵：
[-0.8894638267848843, 0.4561136889107175, 0.02853775796110281;
 0.4569586153355759, 0.8885319414569149, 0.04122878704738232;
 -0.006551695336510252, 0.04971208906355109, -0.9987421005891136]
第2幅图像的平移向量：
[22.82149024410591;
 -17.4674273469012;
 135.4275443933873]

第3幅图像的旋转向量：
[11.82420070963196;
 -20.24751305323966;
 140.9313202634301]
第3幅图像的旋转矩阵：
[-0.8635664901112602, 0.3160653998134873, 0.3928811273116325;
 0.3067158537927974, 0.9477023455280066, -0.08823632649238278;
 -0.4002228156778098, 0.0443049356331259, -0.9153462571559848]
第3幅图像的平移向量：
[11.82420070963196;
 -20.24751305323966;
 140.9313202634301]

第4幅图像的旋转向量：
[12.85356560710531;
 -18.89480653583934;
 152.7894685836643]
第4幅图像的旋转矩阵：
[-0.7556442917426609, 0.2832593135681378, 0.5905640233146952;
 0.2637885781405281, 0.9569045863739331, -0.1214462787372702;
 -0.5995142120077979, 0.06401385672992685, -0.7978000600070355]
第4幅图像的平移向量：
[12.85356560710531;
 -18.89480653583934;
 152.7894685836643]

第5幅图像的旋转向量：
[13.86881303806351;
 -18.31887781136725;
 161.4465864543857]
第5幅图像的旋转矩阵：
[-0.6815897406229333, 0.2553184158471097, 0.6857462592000666;
 0.232759088904831, 0.9641250859971071, -0.1276167116143668;
 -0.693728067768456, 0.07263143314291558, -0.7165654491460294]
第5幅图像的平移向量：
[13.86881303806351;
 -18.31887781136725;
 161.4465864543857]

第6幅图像的旋转向量：
[-25.70657742026779;
 18.79527545559472;
 97.63432552920543]
第6幅图像的旋转矩阵：
[0.9969619330679655, 0.00588952223027946, 0.07766735183642602;
 0.01135553203328228, -0.997473606470365, -0.07012457691312338;
 0.07705813328666382, 0.0707934878565995, -0.9945100935493175]
第6幅图像的平移向量：
[-25.70657742026779;
 18.79527545559472;
 97.63432552920543]

第7幅图像的旋转向量：
[18.14137900799189;
 -10.6189533644063;
 100.9865102841167]
第7幅图像的旋转矩阵：
[-0.9991018440535742, 0.008705999270368185, 0.04146939576907239;
 0.006223568654397415, 0.9982018023361532, -0.059619032246912;
 -0.041913868849721, -0.05930739742695409, -0.9973594438358168]
第7幅图像的平移向量：
[18.14137900799189;
 -10.6189533644063;
 100.9865102841167]

第8幅图像的旋转向量：
[-35.65141669854222;
 19.80664546633626;
 112.2950784486463]
第8幅图像的旋转矩阵：
[0.98823867243984, 0.1487382664988651, 0.03551414328482998;
 0.1336487101616456, -0.952946967209282, 0.272084729374436;
 0.07431250612428107, -0.2641382323056323, -0.9616177232497249]
第8幅图像的平移向量：
[-35.65141669854222;
 19.80664546633626;
 112.2950784486463]

第9幅图像的旋转向量：
[8.365410608941586;
 -8.868846294433967;
 119.0527048227333]
第9幅图像的旋转矩阵：
[-0.9861025581924956, 0.1312158389197702, 0.1019026414907708;
 0.1436213788529463, 0.9815983932587083, 0.1258471052042895;
 -0.08351433567115343, 0.138733550262732, -0.9868020864230597]
第9幅图像的平移向量：
[8.365410608941586;
 -8.868846294433967;
 119.0527048227333]

第10幅图像的旋转向量：
[-11.81234086325952;
 -16.78092965918917;
 140.4072412682261]
第10幅图像的旋转矩阵：
[0.05071603947611603, 0.9612969580363599, -0.2708062809646364;
 0.9909349962026768, -0.01466024508577357, 0.1335399210529419;
 0.1244014334349003, -0.2751240369071114, -0.953326307029905]
第10幅图像的平移向量：
[-11.81234086325952;
 -16.78092965918917;
 140.4072412682261]

第11幅图像的旋转向量：
[-30.07464028964792;
 -16.12585497563179;
 158.5785503172801]
第11幅图像的旋转矩阵：
[0.09358859615238446, 0.8770140724498575, -0.4712615955020547;
 0.995421970047308, -0.09164693471472962, 0.02712823076668724;
 -0.01939784053348426, -0.471643038835845, -0.8815761837188703]
第11幅图像的平移向量：
[-30.07464028964792;
 -16.12585497563179;
 158.5785503172801]

第12幅图像的旋转向量：
[-16.23961964358808;
 -11.95371390482988;
 146.818604986202]
第12幅图像的旋转矩阵：
[0.09124946924134081, 0.9953267451226857, 0.03159437935226304;
 0.9902079716007925, -0.09405475313146394, 0.1031594706831322;
 0.10564898173394, 0.0218717593453369, -0.9941629236708244]
第12幅图像的平移向量：
[-16.23961964358808;
 -11.95371390482988;
 146.818604986202]

第13幅图像的旋转向量：
[15.92327839944751;
 -10.28513933257365;
 125.0928726563623]
第13幅图像的旋转矩阵：
[-0.9647210157328641, 0.2157877733702705, -0.1508277118677197;
 0.2258798081538372, 0.9727054053398223, -0.0531272688087681;
 0.1352467155672803, -0.08532192734927042, -0.9871314474991003]
第13幅图像的平移向量：
[15.92327839944751;
 -10.28513933257365;
 125.0928726563623]

第14幅图像的旋转向量：
[-24.31642910883784;
 23.02076325250557;
 146.3688385633353]
第14幅图像的旋转矩阵：
[0.994877442002376, 0.03248121910995624, -0.09572797814609742;
 0.02193705482394763, -0.9937766694262263, -0.1092094177704839;
 -0.09867948632040911, 0.1065499962892913, -0.9893985330847688]
第14幅图像的平移向量：
[-24.31642910883784;
 23.02076325250557;
 146.3688385633353]

第15幅图像的旋转向量：
[22.23623689306122;
 -11.32061546684901;
 110.1432556349198]
第15幅图像的旋转矩阵：
[-0.9938662666353718, 0.07943462241759261, -0.07694143750699403;
 0.08428146647657572, 0.9945151390738697, -0.06193765059670098;
 0.07159943053422993, -0.06804247874861458, -0.9951099148500724]
第15幅图像的平移向量：
[22.23623689306122;
 -11.32061546684901;
 110.1432556349198]

第16幅图像的旋转向量：
[-19.09772674779285;
 19.12193749297808;
 110.8317666337759]
第16幅图像的旋转矩阵：
[0.9908184980983572, 0.1173025026375262, 0.06722221880514676;
 0.1204332670536153, -0.9917203012951229, -0.04457210098148044;
 0.06143722009422661, 0.05225865358085562, -0.9967419430890875]
第16幅图像的平移向量：
[-19.09772674779285;
 19.12193749297808;
 110.8317666337759]

第17幅图像的旋转向量：
[-13.85393957708066;
 21.60925348821358;
 113.6516853223823]
第17幅图像的旋转矩阵：
[0.9891451314365464, 0.07150820224486479, 0.1283685552114885;
 0.07636084698357162, -0.9965246486332647, -0.03328131178754833;
 0.1255425426034099, 0.04272237912448181, -0.9911679314417992]
第17幅图像的平移向量：
[-13.85393957708066;
 21.60925348821358;
 113.6516853223823]

第18幅图像的旋转向量：
[3.335559837125107;
 -7.865271129512892;
 138.3349005125647]
第18幅图像的旋转矩阵：
[-0.9879422229215371, 0.1537771710488786, 0.01796512825047297;
 0.1546481123045873, 0.9856740400740593, 0.06731008902615766;
 -0.007357005469601618, 0.06927675214879421, -0.9975703514450672]
第18幅图像的平移向量：
[3.335559837125107;
 -7.865271129512892;
 138.3349005125647]

第19幅图像的旋转向量：
[19.00292287489046;
 -8.905183169824564;
 109.6817779620862]
第19幅图像的旋转矩阵：
[-0.9947885669879876, 0.09183121551132528, -0.04430276343185184;
 0.08934035167616988, 0.9944668039504506, 0.05526370782849602;
 0.04913256101980015, 0.05101768025192457, -0.9974884399076251]
第19幅图像的平移向量：
[19.00292287489046;
 -8.905183169824564;
 109.6817779620862]

第20幅图像的旋转向量：
[18.57158381505112;
 -14.63408081667415;
 119.0029910919216]
第20幅图像的旋转矩阵：
[-0.9823314906975673, 0.1577079731533945, 0.1007622825651703;
 0.1489519019514834, 0.9848093015395498, -0.08924108082166668;
 -0.1133056630929394, -0.07265559032195501, -0.990900091788288]
第20幅图像的平移向量：
[18.57158381505112;
 -14.63408081667415;
 119.0029910919216]

第21幅图像的旋转向量：
[15.57807976366824;
 -17.12234531920696;
 125.9151642358533]
第21幅图像的旋转矩阵：
[-0.9635203487507608, 0.247823345579204, 0.1010550687949035;
 0.2441322863044714, 0.9685737189293151, -0.04758547870082032;
 -0.1096720763319628, -0.02117877204573084, -0.99374216740947]
第21幅图像的平移向量：
[15.57807976366824;
 -17.12234531920696;
 125.9151642358533]


