每幅图像的标定误差：
第1幅图像的平均误差：0.274327像素
第2幅图像的平均误差：0.329194像素
第3幅图像的平均误差：0.206509像素
第4幅图像的平均误差：0.548533像素
第5幅图像的平均误差：0.310925像素
第6幅图像的平均误差：0.43759像素
第7幅图像的平均误差：0.239248像素
第8幅图像的平均误差：0.287392像素
第9幅图像的平均误差：0.52973像素
第10幅图像的平均误差：0.344308像素
第11幅图像的平均误差：0.536451像素
第12幅图像的平均误差：0.177338像素
第13幅图像的平均误差：0.611012像素
第14幅图像的平均误差：0.692462像素
第15幅图像的平均误差：0.918137像素
总体平均误差：0.429544像素

相机内参数矩阵：
[2028.65477797295, 0, 983.3078429650716;
 0, 2029.389481810092, 491.5588303902833;
 0, 0, 1]

畸变系数：
[-0.4615939126466453, 1.453205573680314, 0.004438696834390977, -0.0009355047570529908, -14.07946881159544]


第1幅图像的旋转向量：
[7.043257554234745;
 -1.990898124514704;
 182.7235015432011]
第1幅图像的旋转矩阵：
[-0.953922994554671, -0.01267394014079357, -0.2997837415557366;
 0.0343777078965492, 0.9879117999139106, -0.151157033546696;
 0.298075650900285, -0.1544980479882028, -0.941956081517714]
第1幅图像的平移向量：
[7.043257554234745;
 -1.990898124514704;
 182.7235015432011]

第2幅图像的旋转向量：
[-53.42174671020916;
 16.87717698488976;
 173.7315181765288]
第2幅图像的旋转矩阵：
[0.9406447781214392, 0.1709835576446908, -0.2931757568559057;
 0.1876889590667427, -0.9817821988430675, 0.0296069025619721;
 -0.2827724456825859, -0.08287543091915871, -0.9556000245461763]
第2幅图像的平移向量：
[-53.42174671020916;
 16.87717698488976;
 173.7315181765288]

第3幅图像的旋转向量：
[-4.673249670600986;
 -16.44553226292556;
 177.1617132921678]
第3幅图像的旋转矩阵：
[-0.8002924565098569, 0.4310687132805942, -0.4167874140182637;
 0.5345480216378232, 0.8278169813111064, -0.1702276652487988;
 0.2716438782975019, -0.359024803994906, -0.8929226133881432]
第3幅图像的平移向量：
[-4.673249670600986;
 -16.44553226292556;
 177.1617132921678]

第4幅图像的旋转向量：
[-21.07968798492222;
 -24.64995710484324;
 179.4950200965814]
第4幅图像的旋转矩阵：
[-0.5175717520379743, 0.8552967548854646, 0.02422689775301486;
 0.8556335825893562, 0.5174684878125817, 0.01084142362715928;
 -0.003264021697994696, 0.02634056194073285, -0.9996476984212995]
第4幅图像的平移向量：
[-21.07968798492222;
 -24.64995710484324;
 179.4950200965814]

第5幅图像的旋转向量：
[-44.37852242691576;
 -22.42487913777252;
 176.7651959933051]
第5幅图像的旋转矩阵：
[-0.1753356612089005, 0.9828390022417401, -0.05731406093532923;
 0.9790444180793296, 0.1801918453643607, 0.09488375146405864;
 0.103582978023151, -0.03947650613526094, -0.9938370953668454]
第5幅图像的平移向量：
[-44.37852242691576;
 -22.42487913777252;
 176.7651959933051]

第6幅图像的旋转向量：
[-37.35133479824191;
 -8.797454125336708;
 230.2169017695932]
第6幅图像的旋转矩阵：
[-0.3905388592502251, 0.9114676166448581, 0.1292524012282747;
 0.7572730165283978, 0.3979103784759797, -0.5178850346738008;
 -0.5234663101418409, -0.1043748748925951, -0.8456292968184352]
第6幅图像的平移向量：
[-37.35133479824191;
 -8.797454125336708;
 230.2169017695932]

第7幅图像的旋转向量：
[-43.00171634394852;
 5.415979872819113;
 180.7855424393758]
第7幅图像的旋转矩阵：
[0.7660516935382269, 0.6378123407676384, -0.07975099241840845;
 0.6399180922486707, -0.7684423258954317, 0.00110769365838298;
 -0.06057753742136402, -0.05188265352625197, -0.9968142014553354]
第7幅图像的平移向量：
[-43.00171634394852;
 5.415979872819113;
 180.7855424393758]

第8幅图像的旋转向量：
[-47.69260354993951;
 7.526320573668447;
 173.9876608126802]
第8幅图像的旋转矩阵：
[0.8744914965648483, 0.4555857073215918, -0.1664520523155434;
 0.4733982477724605, -0.8764078329296248, 0.08833690839939448;
 -0.1056348495608131, -0.1560479851324066, -0.9820846729760019]
第8幅图像的平移向量：
[-47.69260354993951;
 7.526320573668447;
 173.9876608126802]

第9幅图像的旋转向量：
[-48.37125370264879;
 9.819128029182187;
 176.1657208772569]
第9幅图像的旋转矩阵：
[0.9323443889245528, 0.3249028273126712, -0.1586571562997834;
 0.3287138723976799, -0.9444266420304884, -0.002346895041884033;
 -0.150602558192825, -0.04996469380721034, -0.9873309469668864]
第9幅图像的平移向量：
[-48.37125370264879;
 9.819128029182187;
 176.1657208772569]

第10幅图像的旋转向量：
[-47.6720806516835;
 14.36382904599251;
 173.8392173048268]
第10幅图像的旋转矩阵：
[0.9797850240833637, 0.1624301615996315, -0.1167807740369985;
 0.1609463826487833, -0.9867159352591391, -0.02208902483030199;
 -0.1188173745469674, 0.002847052581155595, -0.9929120433338322]
第10幅图像的平移向量：
[-47.6720806516835;
 14.36382904599251;
 173.8392173048268]

第11幅图像的旋转向量：
[8.60521279218964;
 -9.949459917603102;
 168.8314896881747]
第11幅图像的旋转矩阵：
[-0.9994358224264206, 0.002024577691509855, -0.03352518360867596;
 0.003327623294182951, 0.9992392171546797, -0.03885760959342782;
 0.03342100797457201, -0.03894724618345029, -0.998682205829607]
第11幅图像的平移向量：
[8.60521279218964;
 -9.949459917603102;
 168.8314896881747]

第12幅图像的旋转向量：
[-33.58738228078291;
 -6.890074361030437;
 226.4373054416434]
第12幅图像的旋转矩阵：
[-0.5732676605369219, 0.8060985468018652, 0.1468649795779982;
 0.6667042133115001, 0.5630980380950621, -0.488288942580299;
 -0.4763083888986404, -0.1820047591064967, -0.8602351924487673]
第12幅图像的平移向量：
[-33.58738228078291;
 -6.890074361030437;
 226.4373054416434]

第13幅图像的旋转向量：
[-30.12396160181503;
 21.15607505308262;
 176.0491199736331]
第13幅图像的旋转矩阵：
[0.9692310867573487, 0.06031382791566412, 0.2386489946036401;
 0.08380480330404105, -0.9924515429898463, -0.0895359690864196;
 0.2314473058956176, 0.1067809766729681, -0.9669694760510424]
第13幅图像的平移向量：
[-30.12396160181503;
 21.15607505308262;
 176.0491199736331]

第14幅图像的旋转向量：
[-21.65184168190582;
 -9.207440264933345;
 229.1472137782256]
第14幅图像的旋转矩阵：
[-0.7725938958853188, 0.6131801591675584, 0.1646473942824266;
 0.4681371856832076, 0.7253571537365178, -0.5046826477142482;
 -0.4288895515413627, -0.3128371651938202, -0.8474589433430644]
第14幅图像的平移向量：
[-21.65184168190582;
 -9.207440264933345;
 229.1472137782256]

第15幅图像的旋转向量：
[-3.306003535564861;
 -10.41093456509621;
 231.6876786286928]
第15幅图像的旋转矩阵：
[-0.851172421332388, 0.4410084035559884, 0.2846350244719686;
 0.2395157484551442, 0.808867425015222, -0.5369969227018119;
 -0.4670521549089907, -0.3889024000211906, -0.7941141025398214]
第15幅图像的平移向量：
[-3.306003535564861;
 -10.41093456509621;
 231.6876786286928]


