%YAML:1.0
---
R: !!opencv-matrix
   rows: 3
   cols: 3
   dt: d
   data: [ 4.0968541429802607e-01, -1.5006865522565388e-02,
       -9.1210342357577112e-01, -2.5285979602169562e-01,
       9.5881705860584021e-01, -1.2935134975063620e-01,
       8.7648148004810766e-01, 2.8362764694865794e-01,
       3.8901873093598749e-01 ]
T: !!opencv-matrix
   rows: 3
   cols: 1
   dt: d
   data: [ 2.1921175033597308e+01, 3.1631479917169547e+00,
       2.9635531118800685e+01 ]
R1: !!opencv-matrix
   rows: 3
   cols: 3
   dt: d
   data: [ 9.2319839863575193e-01, 3.0027423502032247e-01,
       -2.3987517699700284e-01, -3.1223315760698950e-01,
       9.4992229894507352e-01, -1.2573036931273075e-02,
       2.2408742054642916e-01, 8.6504391506249140e-02,
       9.7072231776290252e-01 ]
R2: !!opencv-matrix
   rows: 3
   cols: 3
   dt: d
   data: [ 5.9250571352933123e-01, 8.5496477946947147e-02,
       8.0101643659400978e-01, -1.3070481669919637e-01,
       9.9137925641985114e-01, -9.1335005366324842e-03,
       -7.9489196141785690e-01, -9.9285055265585578e-02,
       5.9857267518170443e-01 ]
P1: !!opencv-matrix
   rows: 3
   cols: 4
   dt: d
   data: [ -3.3342552938212352e+03, 0., -3.7293642730712891e+03, 0., 0.,
       -3.3342552938212352e+03, 1.5163614044189453e+03, 0., 0., 0., 1.,
       0. ]
P2: !!opencv-matrix
   rows: 3
   cols: 4
   dt: d
   data: [ -3.3342552938212352e+03, 0., -3.7293642730712891e+03,
       -1.2335880014925035e+05, 0., -3.3342552938212352e+03,
       1.5163614044189453e+03, 0., 0., 0., 1., 0. ]
Q: !!opencv-matrix
   rows: 4
   cols: 4
   dt: d
   data: [ 1., 0., 0., 3.7293642730712891e+03, 0., 1., 0.,
       -1.5163614044189453e+03, 0., 0., 0., -3.3342552938212352e+03, 0.,
       0., -2.7028921242644700e-02, 0. ]
