%YAML:1.0
---
R: !!opencv-matrix
   rows: 3
   cols: 3
   dt: d
   data: [ 9.9997149582096845e-01, 4.8210099094535674e-03,
       5.8108010659291710e-03, -4.8866654188576587e-03,
       9.9992378064178189e-01, 1.1338139535643216e-02,
       -5.7556968873450753e-03, -1.1366211791908753e-02,
       9.9991883729772912e-01 ]
T: !!opencv-matrix
   rows: 3
   cols: 1
   dt: d
   data: [ -3.3427086936026580e+00, 4.6825921279705494e-02,
       3.6523409070203551e-03 ]
R1: !!opencv-matrix
   rows: 3
   cols: 3
   dt: d
   data: [ 9.9994753473909781e-01, -9.1729741801088466e-03,
       4.5589816726805156e-03, 9.1468618027947535e-03,
       9.9994183001792369e-01, 5.7158988415172357e-03,
       -4.6111482692876848e-03, -5.6738985800717408e-03,
       9.9997327173607087e-01 ]
R2: !!opencv-matrix
   rows: 3
   cols: 3
   dt: d
   data: [ 9.9990130039168712e-01, -1.4006993690240763e-02,
       -1.0925212925057880e-03, 1.4000544501483589e-02,
       9.9988572509875828e-01, -5.7027622598600511e-03,
       1.1722749997337817e-03, 5.6869035064841585e-03,
       9.9998314230782559e-01 ]
P1: !!opencv-matrix
   rows: 3
   cols: 4
   dt: d
   data: [ 4.3964859384819675e+02, 0., 3.1932437133789063e+02, 0., 0.,
       4.3964859384819675e+02, 2.3945363616943359e+02, 0., 0., 0., 1.,
       0. ]
P2: !!opencv-matrix
   rows: 3
   cols: 4
   dt: d
   data: [ 4.3964859384819675e+02, 0., 3.1932437133789063e+02,
       -1.4697622417441244e+03, 0., 4.3964859384819675e+02,
       2.3945363616943359e+02, 0., 0., 0., 1., 0. ]
Q: !!opencv-matrix
   rows: 4
   cols: 4
   dt: d
   data: [ 1., 0., 0., -3.1932437133789063e+02, 0., 1., 0.,
       -2.3945363616943359e+02, 0., 0., 0., 4.3964859384819675e+02, 0.,
       0., 2.9912905731370432e-01, 0. ]
