%YAML:1.0
---
R: !!opencv-matrix
   rows: 3
   cols: 3
   dt: d
   data: [ 9.9998964811961744e-01, 3.9125354713029871e-03,
       -2.3228688705029549e-03, -3.9313882779470006e-03,
       9.9995891431273976e-01, -8.1678560647706587e-03,
       2.2908164072611053e-03, 8.1769036115503894e-03,
       9.9996394455376025e-01 ]
T: !!opencv-matrix
   rows: 3
   cols: 1
   dt: d
   data: [ -3.3480849959043333e+00, 4.0790816887849968e-02,
       -6.1595096539359878e-02 ]
R1: !!opencv-matrix
   rows: 3
   cols: 3
   dt: d
   data: [ 9.9983631577406662e-01, -8.1178843098507654e-03,
       1.6169156244920435e-02, 8.1837078679145754e-03,
       9.9995847682122152e-01, -4.0089348853978258e-03,
       -1.6135940780549633e-02, 4.1406023371733979e-03,
       9.9986123378567482e-01 ]
R2: !!opencv-matrix
   rows: 3
   cols: 3
   dt: d
   data: [ 9.9975664524810570e-01, -1.2180362893595692e-02,
       1.8392635537998064e-02, 1.2105308391595498e-02,
       9.9991796390990439e-01, 4.1865211113218132e-03,
       -1.8442120024489611e-02, -3.9628537761937704e-03,
       9.9982207617103092e-01 ]
P1: !!opencv-matrix
   rows: 3
   cols: 4
   dt: d
   data: [ 4.4421010165369154e+02, 0., 3.2271473693847656e+02, 0., 0.,
       4.4421010165369154e+02, 2.4187364959716797e+02, 0., 0., 0., 1.,
       0. ]
P2: !!opencv-matrix
   rows: 3
   cols: 4
   dt: d
   data: [ 4.4421010165369154e+02, 0., 3.2271473693847656e+02,
       -1.4876151946024602e+03, 0., 4.4421010165369154e+02,
       2.4187364959716797e+02, 0., 0., 0., 1., 0. ]
Q: !!opencv-matrix
   rows: 4
   cols: 4
   dt: d
   data: [ 1., 0., 0., -3.2271473693847656e+02, 0., 1., 0.,
       -2.4187364959716797e+02, 0., 0., 0., 4.4421010165369154e+02, 0.,
       0., 2.9860551523366174e-01, 0. ]
