%YAML:1.0
---
M1: !!opencv-matrix
   rows: 3
   cols: 3
   dt: d
   data: [ 5.3003192484522981e+02, 0., 3.4043699486130510e+02, 0.,
       5.2807356352773490e+02, 2.3342136671954322e+02, 0., 0., 1. ]
D1: !!opencv-matrix
   rows: 1
   cols: 14
   dt: d
   data: [ -2.6279927944046727e-01, -8.2793648872491715e-02, 0., 0., 0.,
       0., 0., -3.5430987119573698e-01, 0., 0., 0., 0., 0., 0. ]
M2: !!opencv-matrix
   rows: 3
   cols: 3
   dt: d
   data: [ 5.3003192484522981e+02, 0., 3.2985999220054759e+02, 0.,
       5.2807356352773490e+02, 2.4880693881117077e+02, 0., 0., 1. ]
D2: !!opencv-matrix
   rows: 1
   cols: 14
   dt: d
   data: [ -2.4620809852092743e-01, -2.5003942279138811e-02, 0., 0., 0.,
       0., 0., -1.6458008709252933e-01, 0., 0., 0., 0., 0., 0. ]
