%YAML:1.0
---
M1: !!opencv-matrix
   rows: 3
   cols: 3
   dt: d
   data: [ 1.7857960444047148e+03, 0., 3.6701311827604405e+02, 0.,
       1.7394726712637328e+03, 2.3676734934854542e+02, 0., 0., 1. ]
D1: !!opencv-matrix
   rows: 1
   cols: 14
   dt: d
   data: [ -3.8294134802544207e+01, 1.2611863989365793e+03, 0., 0., 0.,
       0., 0., 1.8068243817983599e+04, 0., 0., 0., 0., 0., 0. ]
M2: !!opencv-matrix
   rows: 3
   cols: 3
   dt: d
   data: [ 1.7857960444047148e+03, 0., 7.2684820216246564e+01, 0.,
       1.7394726712637328e+03, 2.3872598253725374e+02, 0., 0., 1. ]
D2: !!opencv-matrix
   rows: 1
   cols: 14
   dt: d
   data: [ 4.0690260929396359e+01, -1.2481137566601763e+03, 0., 0., 0.,
       0., 0., 7.4716742611528543e+03, 0., 0., 0., 0., 0., 0. ]
