%YAML:1.0
---
M1: !!opencv-matrix
   rows: 3
   cols: 3
   dt: d
   data: [ 5.3398795245582676e+02, 0., 3.2838647449218496e+02, 0.,
       5.2871082108598500e+02, 2.3684272831137076e+02, 0., 0., 1. ]
D1: !!opencv-matrix
   rows: 1
   cols: 14
   dt: d
   data: [ -2.5896599083413896e-01, -1.2618381151615046e-01, 0., 0., 0.,
       0., 0., -3.9963322644424815e-01, 0., 0., 0., 0., 0., 0. ]
M2: !!opencv-matrix
   rows: 3
   cols: 3
   dt: d
   data: [ 5.3398795245582676e+02, 0., 3.1377033181273003e+02, 0.,
       5.2871082108598500e+02, 2.4187045534903217e+02, 0., 0., 1. ]
D2: !!opencv-matrix
   rows: 1
   cols: 14
   dt: d
   data: [ -2.6296221138609249e-01, -1.2154511009096203e-02, 0., 0., 0.,
       0., 0., -1.9510571754793585e-01, 0., 0., 0., 0., 0., 0. ]
